wmo
13857
13858
13859
15819
15820
15851
15852
15853
15854
15855
1902751
31810
31855
31856
31857
31858
31859
39007
39008
39009
39010
39011
39012
39013
39014
39015
39016
39017
39018
5900764
5900765
5900766
5900767
5900768
5900769
5900770
5902318
5902319
5902320
5902321
5902322
5902323
1902751
6900047
6900048
69000
6900127
6900128
6900129
6900130
6900131
6900133
6900134
6900135
6900136
6900137
6900138
6900139
6900140
6900141
69001
6900234
6900235
69002
69003
69004
69005
69029
69030
69031
69033
69034
69035
69036
69037
69038
69040
69041
21850
21900
29001
29002
29003
2900360
29004
29005
2900545
2900546
29006
29007
29008
29009
29026
29027
29028
29029
